5.000000000000000000e+02 1.407831411361694336e+02
5.000000000000000000e+02 2.199204730987548828e+02
1.000000000000000000e+03 2.794264690876007080e+02
7.500000000000000000e+03 1.564739881992340088e+03
7.500000000000000000e+03 1.271444181919097900e+03
7.500000000000000000e+03 1.429835386991500854e+03
7.500000000000000000e+03 1.406351848125457764e+03
7.500000000000000000e+03 1.235553846120834351e+03
8.000000000000000000e+03 1.599545919895172119e+03
8.000000000000000000e+03 2.041780794143676758e+03
8.000000000000000000e+03 2.013141939878463745e+03
8.000000000000000000e+03 2.200972317218780518e+03
8.000000000000000000e+03 1.288198251008987427e+03
1.000000000000000000e+03 2.659029510021209717e+02
8.000000000000000000e+03 2.298711412906646729e+03
8.000000000000000000e+03 1.792239903211593628e+03
8.500000000000000000e+03 2.286041797876358032e+03
8.500000000000000000e+03 2.189044934988021851e+03
8.500000000000000000e+03 2.148230129003524780e+03
8.500000000000000000e+03 1.402276639938354492e+03
8.500000000000000000e+03 1.450026429176330566e+03
8.500000000000000000e+03 2.401479000091552734e+03
8.500000000000000000e+03 2.283000989913940430e+03
9.000000000000000000e+03 2.142775099039077759e+03
1.000000000000000000e+03 3.273702411651611328e+02
9.000000000000000000e+03 1.796983191967010498e+03
9.000000000000000000e+03 1.938730643033981323e+03
9.000000000000000000e+03 3.050411709070205688e+03
9.000000000000000000e+03 1.629331839084625244e+03
9.000000000000000000e+03 1.728736859083175659e+03
9.000000000000000000e+03 2.524053013086318970e+03
9.500000000000000000e+03 2.890990549087524414e+03
9.500000000000000000e+03 1.629334942102432251e+03
9.500000000000000000e+03 2.229482438087463379e+03
9.500000000000000000e+03 1.761243487119674683e+03
1.000000000000000000e+03 3.091235229969024658e+02
9.500000000000000000e+03 2.090034059047698975e+03
9.500000000000000000e+03 2.223990750074386597e+03
9.500000000000000000e+03 2.291146100997924805e+03
1.000000000000000000e+04 2.329118292093276978e+03
1.000000000000000000e+04 1.837105834007263184e+03
1.000000000000000000e+04 1.654787815809249878e+03
1.000000000000000000e+04 2.540676828861236572e+03
1.000000000000000000e+04 2.396169293880462646e+03
1.000000000000000000e+04 1.850256942033767700e+03
1.000000000000000000e+04 2.329405734062194824e+03
1.500000000000000000e+03 2.994985151290893555e+02
1.500000000000000000e+03 2.848312478065490723e+02
1.500000000000000000e+03 4.150481910705566406e+02
1.500000000000000000e+03 2.552919819355010986e+02
1.500000000000000000e+03 2.989292910099029541e+02
1.500000000000000000e+03 3.871363010406494141e+02
5.000000000000000000e+02 3.129460768699645996e+02
1.500000000000000000e+03 3.843982789516448975e+02
2.000000000000000000e+03 3.903353779315948486e+02
2.000000000000000000e+03 3.929768040180206299e+02
2.000000000000000000e+03 5.447223718166351318e+02
2.000000000000000000e+03 3.485903220176696777e+02
2.000000000000000000e+03 4.588189990520477295e+02
2.000000000000000000e+03 3.487619538307189941e+02
2.000000000000000000e+03 4.115671570301055908e+02
2.500000000000000000e+03 5.580997741222381592e+02
2.500000000000000000e+03 5.833087780475616455e+02
5.000000000000000000e+02 1.976322529315948486e+02
2.500000000000000000e+03 3.799021871089935303e+02
2.500000000000000000e+03 6.087219870090484619e+02
2.500000000000000000e+03 4.703885819911956787e+02
2.500000000000000000e+03 4.782569158077239990e+02
2.500000000000000000e+03 6.919069948196411133e+02
3.000000000000000000e+03 5.782366371154785156e+02
3.000000000000000000e+03 8.147127320766448975e+02
3.000000000000000000e+03 5.395087339878082275e+02
3.000000000000000000e+03 4.762786359786987305e+02
3.000000000000000000e+03 5.041505489349365234e+02
5.000000000000000000e+02 1.319160511493682861e+02
3.000000000000000000e+03 6.561649949550628662e+02
3.000000000000000000e+03 6.956183550357818604e+02
3.500000000000000000e+03 8.934912629127502441e+02
3.500000000000000000e+03 7.233453850746154785e+02
3.500000000000000000e+03 1.286620793104171753e+03
3.500000000000000000e+03 6.582191770076751709e+02
3.500000000000000000e+03 6.413714029788970947e+02
3.500000000000000000e+03 6.228854448795318604e+02
3.500000000000000000e+03 9.704434189796447754e+02
4.000000000000000000e+03 1.174492225170135498e+03
5.000000000000000000e+02 2.240462398529052734e+02
4.000000000000000000e+03 9.630420880317687988e+02
4.000000000000000000e+03 7.516748070716857910e+02
4.000000000000000000e+03 9.345354599952697754e+02
4.000000000000000000e+03 6.516542429924011230e+02
4.000000000000000000e+03 1.160037938833236694e+03
4.000000000000000000e+03 6.087396750450134277e+02
4.500000000000000000e+03 8.613859210014343262e+02
4.500000000000000000e+03 8.186224238872528076e+02
4.500000000000000000e+03 1.096166258096694946e+03
4.500000000000000000e+03 1.018864364862442017e+03
5.000000000000000000e+02 1.324193100929260254e+02
4.500000000000000000e+03 7.428718008995056152e+02
4.500000000000000000e+03 1.340596240997314453e+03
4.500000000000000000e+03 1.033642570972442627e+03
5.000000000000000000e+03 9.289765300750732422e+02
5.000000000000000000e+03 8.228441770076751709e+02
5.000000000000000000e+03 1.285777056932449341e+03
5.000000000000000000e+03 9.663230099678039551e+02
5.000000000000000000e+03 1.214513511896133423e+03
5.000000000000000000e+03 1.001651047945022583e+03
5.000000000000000000e+03 1.076452406883239746e+03
1.000000000000000000e+03 3.019115371704101562e+02
5.500000000000000000e+03 1.061899508953094482e+03
5.500000000000000000e+03 8.591269519329071045e+02
5.500000000000000000e+03 1.557476341009140015e+03
5.500000000000000000e+03 1.242963757038116455e+03
5.500000000000000000e+03 1.176667721986770630e+03
5.500000000000000000e+03 1.092081673145294189e+03
5.500000000000000000e+03 1.501127470970153809e+03
6.000000000000000000e+03 1.839429244041442871e+03
6.000000000000000000e+03 1.402475638866424561e+03
6.000000000000000000e+03 1.565801736831665039e+03
1.000000000000000000e+03 2.163394579887390137e+02
6.000000000000000000e+03 1.189155905961990356e+03
6.000000000000000000e+03 1.077885286092758179e+03
6.000000000000000000e+03 1.175319194078445435e+03
6.000000000000000000e+03 1.497661921977996826e+03
6.500000000000000000e+03 1.910651309013366699e+03
6.500000000000000000e+03 1.309768840074539185e+03
6.500000000000000000e+03 1.292060158014297485e+03
6.500000000000000000e+03 1.438193501949310303e+03
6.500000000000000000e+03 1.103072319984436035e+03
6.500000000000000000e+03 1.086873749017715454e+03
1.000000000000000000e+03 1.987917799949645996e+02
6.500000000000000000e+03 1.313109571933746338e+03
7.000000000000000000e+03 1.590411533117294312e+03
7.000000000000000000e+03 1.395350030183792114e+03
7.000000000000000000e+03 1.362056282997131348e+03
7.000000000000000000e+03 1.389057305097579956e+03
7.000000000000000000e+03 2.695390462875366211e+03
7.000000000000000000e+03 1.814591181993484497e+03
7.000000000000000000e+03 1.954475450992584229e+03
7.500000000000000000e+03 2.034823614120483398e+03
7.500000000000000000e+03 1.112277418851852417e+03
