2.000000000000000000e+00 2.404477188587188721e+02
2.000000000000000000e+00 1.785023441314697266e+02
2.000000000000000000e+00 1.794243121147155762e+02
1.500000000000000000e+01 1.005106443881988525e+03
1.500000000000000000e+01 9.723687701225280762e+02
1.500000000000000000e+01 1.002294642925262451e+03
1.500000000000000000e+01 1.178865561008453369e+03
1.500000000000000000e+01 9.869810359477996826e+02
1.600000000000000000e+01 1.018778777122497559e+03
1.600000000000000000e+01 1.670521760940551758e+03
1.600000000000000000e+01 1.075470533847808838e+03
1.600000000000000000e+01 1.173897950887680054e+03
1.600000000000000000e+01 9.971229188442230225e+02
2.000000000000000000e+00 1.444908649921417236e+02
1.600000000000000000e+01 1.140127076864242554e+03
1.600000000000000000e+01 2.052128304004669189e+03
1.700000000000000000e+01 1.725381063938140869e+03
1.700000000000000000e+01 1.281328732967376709e+03
1.700000000000000000e+01 1.110848699808120728e+03
1.700000000000000000e+01 1.686576792955398560e+03
1.700000000000000000e+01 1.748782375097274780e+03
1.700000000000000000e+01 1.214224079132080078e+03
1.700000000000000000e+01 1.632373501777648926e+03
1.800000000000000000e+01 1.372879287004470825e+03
2.000000000000000000e+00 1.985676410198211670e+02
1.800000000000000000e+01 1.258640295982360840e+03
1.800000000000000000e+01 1.744512755155563354e+03
1.800000000000000000e+01 1.361026071071624756e+03
1.800000000000000000e+01 1.651097923994064331e+03
1.800000000000000000e+01 1.151943418979644775e+03
1.800000000000000000e+01 1.342513300180435181e+03
1.900000000000000000e+01 1.927222745895385742e+03
1.900000000000000000e+01 1.184183435916900635e+03
1.900000000000000000e+01 1.360937437057495117e+03
1.900000000000000000e+01 1.706932585000991821e+03
2.000000000000000000e+00 2.260638380050659180e+02
1.900000000000000000e+01 1.224657371044158936e+03
1.900000000000000000e+01 1.274266388893127441e+03
1.900000000000000000e+01 1.429544139862060547e+03
2.000000000000000000e+01 1.436659634828567505e+03
2.000000000000000000e+01 1.321243740081787109e+03
2.000000000000000000e+01 1.641728837966918945e+03
2.000000000000000000e+01 1.586034523963928223e+03
2.000000000000000000e+01 1.508154356956481934e+03
2.000000000000000000e+01 1.455382289886474609e+03
2.000000000000000000e+01 2.467036288976669312e+03
3.000000000000000000e+00 2.103300089836120605e+02
3.000000000000000000e+00 2.794716110229492188e+02
3.000000000000000000e+00 3.296147160530090332e+02
3.000000000000000000e+00 3.097117578983306885e+02
3.000000000000000000e+00 2.015049800872802734e+02
3.000000000000000000e+00 3.885292809009552002e+02
2.000000000000000000e+00 2.077551448345184326e+02
3.000000000000000000e+00 2.423474180698394775e+02
4.000000000000000000e+00 4.903356978893280029e+02
4.000000000000000000e+00 2.362021601200103760e+02
4.000000000000000000e+00 3.983371679782867432e+02
4.000000000000000000e+00 3.892374989986419678e+02
4.000000000000000000e+00 4.440649149417877197e+02
4.000000000000000000e+00 2.787736461162567139e+02
4.000000000000000000e+00 4.276904730796813965e+02
5.000000000000000000e+00 3.218120620250701904e+02
5.000000000000000000e+00 3.106166419982910156e+02
2.000000000000000000e+00 2.386783080101013184e+02
5.000000000000000000e+00 5.681694629192352295e+02
5.000000000000000000e+00 6.462736060619354248e+02
5.000000000000000000e+00 5.019887108802795410e+02
5.000000000000000000e+00 3.236496620178222656e+02
5.000000000000000000e+00 3.488592262268066406e+02
6.000000000000000000e+00 4.423581278324127197e+02
6.000000000000000000e+00 3.827511620521545410e+02
6.000000000000000000e+00 3.906869349479675293e+02
6.000000000000000000e+00 6.929993500709533691e+02
6.000000000000000000e+00 5.958115849494934082e+02
2.000000000000000000e+00 2.277312080860137939e+02
6.000000000000000000e+00 3.913872961997985840e+02
6.000000000000000000e+00 4.192302379608154297e+02
7.000000000000000000e+00 5.001099870204925537e+02
7.000000000000000000e+00 7.030844280719757080e+02
7.000000000000000000e+00 4.750803139209747314e+02
7.000000000000000000e+00 7.916166059970855713e+02
7.000000000000000000e+00 7.564935040473937988e+02
7.000000000000000000e+00 4.735507249832153320e+02
7.000000000000000000e+00 4.594572460651397705e+02
8.000000000000000000e+00 8.756827030181884766e+02
2.000000000000000000e+00 1.263271028995513916e+02
8.000000000000000000e+00 1.623926532030105591e+03
8.000000000000000000e+00 5.480431160926818848e+02
8.000000000000000000e+00 4.735661969184875488e+02
8.000000000000000000e+00 8.324091050624847412e+02
8.000000000000000000e+00 8.480261988639831543e+02
8.000000000000000000e+00 6.760936920642852783e+02
9.000000000000000000e+00 9.764952261447906494e+02
9.000000000000000000e+00 5.909370529651641846e+02
9.000000000000000000e+00 5.734672079086303711e+02
9.000000000000000000e+00 1.096120720148086548e+03
2.000000000000000000e+00 1.485125648975372314e+02
9.000000000000000000e+00 9.932407560348510742e+02
9.000000000000000000e+00 6.503568959236145020e+02
9.000000000000000000e+00 6.061741890907287598e+02
1.000000000000000000e+01 1.136467533111572266e+03
1.000000000000000000e+01 9.947699170112609863e+02
1.000000000000000000e+01 7.006919829845428467e+02
1.000000000000000000e+01 7.693307368755340576e+02
1.000000000000000000e+01 6.367913599014282227e+02
1.000000000000000000e+01 6.842211291790008545e+02
1.000000000000000000e+01 6.946054058074951172e+02
2.000000000000000000e+00 1.536579461097717285e+02
1.100000000000000000e+01 1.206938352108001709e+03
1.100000000000000000e+01 1.285209836959838867e+03
1.100000000000000000e+01 8.527895231246948242e+02
1.100000000000000000e+01 1.081153313875198364e+03
1.100000000000000000e+01 1.209053387165069580e+03
1.100000000000000000e+01 7.370495910644531250e+02
1.100000000000000000e+01 7.215744750499725342e+02
1.200000000000000000e+01 9.363834869861602783e+02
1.200000000000000000e+01 1.148066802024841309e+03
1.200000000000000000e+01 1.274769638061523438e+03
2.000000000000000000e+00 2.272865579128265381e+02
1.200000000000000000e+01 7.707488160133361816e+02
1.200000000000000000e+01 7.748056230545043945e+02
1.200000000000000000e+01 7.983574709892272949e+02
1.200000000000000000e+01 8.415767390727996826e+02
1.300000000000000000e+01 7.075705900192260742e+02
1.300000000000000000e+01 1.269603487968444824e+03
1.300000000000000000e+01 8.591436381340026855e+02
1.300000000000000000e+01 8.633768310546875000e+02
1.300000000000000000e+01 1.246035321950912476e+03
1.300000000000000000e+01 8.633878109455108643e+02
2.000000000000000000e+00 2.024680728912353516e+02
1.300000000000000000e+01 1.348601103067398071e+03
1.400000000000000000e+01 8.682302548885345459e+02
1.400000000000000000e+01 9.523787820339202881e+02
1.400000000000000000e+01 1.121986618041992188e+03
1.400000000000000000e+01 1.416687463045120239e+03
1.400000000000000000e+01 9.317913258075714111e+02
1.400000000000000000e+01 9.125243411064147949e+02
1.400000000000000000e+01 1.050342930793762207e+03
1.500000000000000000e+01 9.171342139244079590e+02
1.500000000000000000e+01 1.434454159975051880e+03
