1.000000000000000000e+02 2.106111140251159668e+02
1.000000000000000000e+02 1.917205588817596436e+02
1.470000000000000000e+02 2.411324839591979980e+02
7.630000000000000000e+02 2.762348904132843018e+03
7.630000000000000000e+02 2.101028827905654907e+03
7.630000000000000000e+02 1.311814919948577881e+03
7.630000000000000000e+02 1.403532734870910645e+03
7.630000000000000000e+02 1.364107383966445923e+03
8.100000000000000000e+02 1.273589021921157837e+03
8.100000000000000000e+02 1.692164866924285889e+03
8.100000000000000000e+02 1.200997822999954224e+03
8.100000000000000000e+02 1.921019409894943237e+03
8.100000000000000000e+02 1.522401865959167480e+03
1.470000000000000000e+02 2.088032870292663574e+02
8.100000000000000000e+02 1.233440557003021240e+03
8.100000000000000000e+02 1.604162919044494629e+03
8.570000000000000000e+02 1.369076645851135254e+03
8.570000000000000000e+02 1.795453247070312500e+03
8.570000000000000000e+02 1.589791529178619385e+03
8.570000000000000000e+02 1.171616325139999390e+03
8.570000000000000000e+02 1.516728219032287598e+03
8.570000000000000000e+02 1.333573221206665039e+03
9.050000000000000000e+02 1.482750101804733276e+03
1.470000000000000000e+02 2.725666620731353760e+02
9.050000000000000000e+02 1.328980005979537964e+03
9.050000000000000000e+02 1.366672410964965820e+03
9.050000000000000000e+02 1.663574432849884033e+03
9.050000000000000000e+02 1.782016637086868286e+03
9.050000000000000000e+02 1.283594456911087036e+03
9.050000000000000000e+02 1.399892493009567261e+03
9.520000000000000000e+02 1.617898844957351685e+03
9.520000000000000000e+02 1.486276201963424683e+03
9.520000000000000000e+02 1.422355961084365845e+03
9.520000000000000000e+02 1.354186246156692505e+03
1.470000000000000000e+02 2.733508059978485107e+02
9.520000000000000000e+02 1.227508934974670410e+03
9.520000000000000000e+02 1.859308392047882080e+03
9.520000000000000000e+02 1.736688369035720825e+03
1.000000000000000000e+03 1.582931334972381592e+03
1.000000000000000000e+03 1.353230228900909424e+03
1.000000000000000000e+03 2.607470541000366211e+03
1.000000000000000000e+03 1.516645581960678101e+03
1.000000000000000000e+03 1.556239598989486694e+03
1.000000000000000000e+03 1.421503160953521729e+03
1.000000000000000000e+03 1.905365169048309326e+03
1.940000000000000000e+02 3.581550102233886719e+02
1.940000000000000000e+02 5.094454391002655029e+02
1.940000000000000000e+02 2.813632750511169434e+02
1.940000000000000000e+02 3.438417160511016846e+02
1.940000000000000000e+02 3.292550070285797119e+02
1.940000000000000000e+02 5.181659979820251465e+02
1.000000000000000000e+02 2.093284420967102051e+02
1.940000000000000000e+02 5.173796811103820801e+02
2.420000000000000000e+02 3.458987028598785400e+02
2.420000000000000000e+02 4.072127060890197754e+02
2.420000000000000000e+02 5.614420149326324463e+02
2.420000000000000000e+02 4.541943860054016113e+02
2.420000000000000000e+02 6.003286578655242920e+02
2.420000000000000000e+02 5.372785029411315918e+02
2.420000000000000000e+02 4.828108561038970947e+02
2.890000000000000000e+02 6.033754839897155762e+02
2.890000000000000000e+02 4.358756451606750488e+02
1.000000000000000000e+02 1.952685039043426514e+02
2.890000000000000000e+02 5.956304659843444824e+02
2.890000000000000000e+02 6.641448698043823242e+02
2.890000000000000000e+02 4.909195001125335693e+02
2.890000000000000000e+02 6.590789840221405029e+02
2.890000000000000000e+02 7.129577758312225342e+02
3.360000000000000000e+02 4.498042380809783936e+02
3.360000000000000000e+02 5.745793008804321289e+02
3.360000000000000000e+02 4.872992990016937256e+02
3.360000000000000000e+02 8.261441190242767334e+02
3.360000000000000000e+02 5.562116429805755615e+02
1.000000000000000000e+02 2.965730178356170654e+02
3.360000000000000000e+02 6.672591710090637207e+02
3.360000000000000000e+02 5.147270519733428955e+02
3.840000000000000000e+02 9.083575570583343506e+02
3.840000000000000000e+02 6.151959412097930908e+02
3.840000000000000000e+02 8.320938060283660889e+02
3.840000000000000000e+02 8.836628301143646240e+02
3.840000000000000000e+02 6.592370071411132812e+02
3.840000000000000000e+02 8.348459100723266602e+02
3.840000000000000000e+02 7.324961259365081787e+02
4.310000000000000000e+02 7.969317469596862793e+02
1.000000000000000000e+02 3.211993451118469238e+02
4.310000000000000000e+02 1.448561466932296753e+03
4.310000000000000000e+02 6.090946431159973145e+02
4.310000000000000000e+02 8.886955559253692627e+02
4.310000000000000000e+02 7.960581791400909424e+02
4.310000000000000000e+02 7.368308610916137695e+02
4.310000000000000000e+02 1.612608825206756592e+03
4.780000000000000000e+02 9.971124930381774902e+02
4.780000000000000000e+02 8.222936420440673828e+02
4.780000000000000000e+02 8.956869199275970459e+02
4.780000000000000000e+02 7.312165379524230957e+02
1.000000000000000000e+02 2.095368690490722656e+02
4.780000000000000000e+02 6.058067610263824463e+02
4.780000000000000000e+02 7.302952260971069336e+02
4.780000000000000000e+02 9.922981209754943848e+02
5.260000000000000000e+02 6.952991631031036377e+02
5.260000000000000000e+02 7.546160790920257568e+02
5.260000000000000000e+02 1.138275601863861084e+03
5.260000000000000000e+02 1.225391378164291382e+03
5.260000000000000000e+02 9.743710491657257080e+02
5.260000000000000000e+02 1.296462538957595825e+03
5.260000000000000000e+02 1.423551801919937134e+03
1.470000000000000000e+02 2.403162181377410889e+02
5.730000000000000000e+02 1.000114961862564087e+03
5.730000000000000000e+02 9.081033210754394531e+02
5.730000000000000000e+02 1.697444123983383179e+03
5.730000000000000000e+02 1.166788268804550171e+03
5.730000000000000000e+02 1.562662896156311035e+03
5.730000000000000000e+02 9.562373719215393066e+02
5.730000000000000000e+02 8.359278640747070312e+02
6.210000000000000000e+02 1.325462059974670410e+03
6.210000000000000000e+02 1.040484388828277588e+03
6.210000000000000000e+02 8.968859250545501709e+02
1.470000000000000000e+02 2.448539750576019287e+02
6.210000000000000000e+02 9.818546240329742432e+02
6.210000000000000000e+02 9.733262670040130615e+02
6.210000000000000000e+02 8.295611689090728760e+02
6.210000000000000000e+02 1.219309667825698853e+03
6.680000000000000000e+02 1.337463745117187500e+03
6.680000000000000000e+02 1.300732186079025269e+03
6.680000000000000000e+02 1.028225209951400757e+03
6.680000000000000000e+02 1.014539227962493896e+03
6.680000000000000000e+02 1.055484268903732300e+03
6.680000000000000000e+02 1.037386317014694214e+03
1.470000000000000000e+02 2.939751000404357910e+02
6.680000000000000000e+02 1.099325966119766235e+03
7.150000000000000000e+02 9.576493690013885498e+02
7.150000000000000000e+02 1.006021696090698242e+03
7.150000000000000000e+02 2.425612050056457520e+03
7.150000000000000000e+02 1.371842869997024536e+03
7.150000000000000000e+02 1.203103964090347290e+03
7.150000000000000000e+02 1.236240071058273315e+03
7.150000000000000000e+02 1.187283389806747437e+03
7.630000000000000000e+02 1.450547147035598755e+03
7.630000000000000000e+02 1.629135218858718872e+03
