2.000000000000000000e+00 6.238863301277160645e+01
2.000000000000000000e+00 7.739112401008605957e+01
4.000000000000000000e+00 1.702358138561248779e+02
3.700000000000000000e+01 1.338232774019241333e+03
3.700000000000000000e+01 6.704164378643035889e+02
3.700000000000000000e+01 7.203534770011901855e+02
3.700000000000000000e+01 7.857594480514526367e+02
3.700000000000000000e+01 8.569894800186157227e+02
3.900000000000000000e+01 1.234612222194671631e+03
3.900000000000000000e+01 7.780620579719543457e+02
3.900000000000000000e+01 7.965121672153472900e+02
3.900000000000000000e+01 1.279746923923492432e+03
3.900000000000000000e+01 1.041013980150222778e+03
4.000000000000000000e+00 1.063019559383392334e+02
3.900000000000000000e+01 1.190946524143218994e+03
3.900000000000000000e+01 8.886802639961242676e+02
4.200000000000000000e+01 1.368517549991607666e+03
4.200000000000000000e+01 9.663400959968566895e+02
4.200000000000000000e+01 9.373840501308441162e+02
4.200000000000000000e+01 1.381451227903366089e+03
4.200000000000000000e+01 8.609396660327911377e+02
4.200000000000000000e+01 1.062872973918914795e+03
4.200000000000000000e+01 1.034891102075576782e+03
4.400000000000000000e+01 1.459176576852798462e+03
4.000000000000000000e+00 1.669815011024475098e+02
4.400000000000000000e+01 1.127073650121688843e+03
4.400000000000000000e+01 1.695270585060119629e+03
4.400000000000000000e+01 9.764039020538330078e+02
4.400000000000000000e+01 9.141649601459503174e+02
4.400000000000000000e+01 9.112954950332641602e+02
4.400000000000000000e+01 1.237757454156875610e+03
4.700000000000000000e+01 1.362168198823928833e+03
4.700000000000000000e+01 1.073947609186172485e+03
4.700000000000000000e+01 1.666598711967468262e+03
4.700000000000000000e+01 1.295671396017074585e+03
4.000000000000000000e+00 1.411462490558624268e+02
4.700000000000000000e+01 1.445135399103164673e+03
4.700000000000000000e+01 1.488089057207107544e+03
4.700000000000000000e+01 9.509512650966644287e+02
5.000000000000000000e+01 1.168299829959869385e+03
5.000000000000000000e+01 1.091715641021728516e+03
5.000000000000000000e+01 1.201991606950759888e+03
5.000000000000000000e+01 1.119609586000442505e+03
5.000000000000000000e+01 1.123211950063705444e+03
5.000000000000000000e+01 1.752482080936431885e+03
5.000000000000000000e+01 1.145531349182128906e+03
7.000000000000000000e+00 1.484337558746337891e+02
7.000000000000000000e+00 1.466591570377349854e+02
7.000000000000000000e+00 2.851134748458862305e+02
7.000000000000000000e+00 2.356541631221771240e+02
7.000000000000000000e+00 3.671835930347442627e+02
7.000000000000000000e+00 1.543566141128540039e+02
2.000000000000000000e+00 1.098938539028167725e+02
7.000000000000000000e+00 1.702532591819763184e+02
9.000000000000000000e+00 2.645716850757598877e+02
9.000000000000000000e+00 1.957054131031036377e+02
9.000000000000000000e+00 2.058244628906250000e+02
9.000000000000000000e+00 1.995468418598175049e+02
9.000000000000000000e+00 2.181750018596649170e+02
9.000000000000000000e+00 4.319677429199218750e+02
9.000000000000000000e+00 2.983939490318298340e+02
1.200000000000000000e+01 2.361826779842376709e+02
1.200000000000000000e+01 2.946063568592071533e+02
2.000000000000000000e+00 1.223409180641174316e+02
1.200000000000000000e+01 3.588280479907989502e+02
1.200000000000000000e+01 3.501860461235046387e+02
1.200000000000000000e+01 3.673532440662384033e+02
1.200000000000000000e+01 3.184149909019470215e+02
1.200000000000000000e+01 2.893747050762176514e+02
1.400000000000000000e+01 3.016116981506347656e+02
1.400000000000000000e+01 2.929685590267181396e+02
1.400000000000000000e+01 3.958612339496612549e+02
1.400000000000000000e+01 2.655595312118530273e+02
1.400000000000000000e+01 2.536356191635131836e+02
2.000000000000000000e+00 9.361968898773193359e+01
1.400000000000000000e+01 3.490701661109924316e+02
1.400000000000000000e+01 4.099237480163574219e+02
1.700000000000000000e+01 4.214744141101837158e+02
1.700000000000000000e+01 3.414439480304718018e+02
1.700000000000000000e+01 3.393375239372253418e+02
1.700000000000000000e+01 5.157465200424194336e+02
1.700000000000000000e+01 3.535328779220581055e+02
1.700000000000000000e+01 3.910331840515136719e+02
1.700000000000000000e+01 3.411011290550231934e+02
1.900000000000000000e+01 6.202858111858367920e+02
2.000000000000000000e+00 1.120470161437988281e+02
1.900000000000000000e+01 3.643034009933471680e+02
1.900000000000000000e+01 6.257033371925354004e+02
1.900000000000000000e+01 3.998839581012725830e+02
1.900000000000000000e+01 6.177029209136962891e+02
1.900000000000000000e+01 5.253320159912109375e+02
1.900000000000000000e+01 5.811275780200958252e+02
2.200000000000000000e+01 6.988127748966217041e+02
2.200000000000000000e+01 4.815333480834960938e+02
2.200000000000000000e+01 3.992696650028228760e+02
2.200000000000000000e+01 4.734045510292053223e+02
2.000000000000000000e+00 7.266035294532775879e+01
2.200000000000000000e+01 4.470436401367187500e+02
2.200000000000000000e+01 4.356163520812988281e+02
2.200000000000000000e+01 5.096252329349517822e+02
2.400000000000000000e+01 5.999710829257965088e+02
2.400000000000000000e+01 5.719984850883483887e+02
2.400000000000000000e+01 4.569816410541534424e+02
2.400000000000000000e+01 4.201103119850158691e+02
2.400000000000000000e+01 7.247878439426422119e+02
2.400000000000000000e+01 5.062299859523773193e+02
2.400000000000000000e+01 4.894680018424987793e+02
4.000000000000000000e+00 1.963416700363159180e+02
2.700000000000000000e+01 8.064923701286315918e+02
2.700000000000000000e+01 9.159473140239715576e+02
2.700000000000000000e+01 5.443214271068572998e+02
2.700000000000000000e+01 5.107564499378204346e+02
2.700000000000000000e+01 7.505356988906860352e+02
2.700000000000000000e+01 4.848966608047485352e+02
2.700000000000000000e+01 5.280844149589538574e+02
2.900000000000000000e+01 5.000092599391937256e+02
2.900000000000000000e+01 6.938318638801574707e+02
2.900000000000000000e+01 5.401787779331207275e+02
4.000000000000000000e+00 1.275294449329376221e+02
2.900000000000000000e+01 6.612519769668579102e+02
2.900000000000000000e+01 7.073002490997314453e+02
2.900000000000000000e+01 5.401340830326080322e+02
2.900000000000000000e+01 5.641338531970977783e+02
3.200000000000000000e+01 1.110694765806198120e+03
3.200000000000000000e+01 5.805401511192321777e+02
3.200000000000000000e+01 9.174094521999359131e+02
3.200000000000000000e+01 6.466445851325988770e+02
3.200000000000000000e+01 6.118426508903503418e+02
3.200000000000000000e+01 5.918204669952392578e+02
4.000000000000000000e+00 1.215937950611114502e+02
3.200000000000000000e+01 7.277852439880371094e+02
3.400000000000000000e+01 8.551406629085540771e+02
3.400000000000000000e+01 6.366157579421997070e+02
3.400000000000000000e+01 6.637269167900085449e+02
3.400000000000000000e+01 1.024836082935333252e+03
3.400000000000000000e+01 9.478559658527374268e+02
3.400000000000000000e+01 7.178890540599822998e+02
3.400000000000000000e+01 1.035313512086868286e+03
3.700000000000000000e+01 1.148985017061233521e+03
3.700000000000000000e+01 9.651884849071502686e+02
